Chrom	Start	End	iHS	Name
19	52501632	52501633	1.49143459876177	rs8103812
19	11095063	11095064	0.9520553268932	rs112825147
20	51172436	51172437	1.42623804338339	rs4268981
21	18842550	18842551	0.313685557262909	rs77147477
21	26240760	26240761	0.412209838787086	rs2226391
20	52752592	52752593	2.3400389034743	rs6013901
19	6335579	6335580	2.57262599639086	rs111575349
21	43253338	43253339	0.703959769482662	rs73219062
19	43824879	43824880	0.463159766469431	rs4803606
19	15105634	15105635	0.436570603839984	rs9789287
19	6778993	6778994	0.211635428112856	rs11667864
20	2606485	2606486	0.437427866625292	rs79409802
19	36087416	36087417	1.89628552271427	rs191167553
21	19034095	19034096	0.807850495869642	rs34608341
19	11623865	11623866	0.171560263765699	rs117557812
20	3294182	3294183	0.7273456756969	rs6051732
19	13967542	13967543	0.226036353252922	rs35647811
19	11250061	11250062	0.851822998729951	rs112500492
19	37592823	37592824	0.0367771031532205	rs77916801
20	43892995	43892996	0.364101613644085	rs59981978
20	49856437	49856438	0.516336015773257	rs2179692
19	29720251	29720252	1.98614096312259	rs139512441
19	39227147	39227148	1.75024029085612	rs12981058
19	41764758	41764759	1.25061000092306	rs35546772
20	11185141	11185142	0.680527151221393	rs73606434
19	47954171	47954172	0.96621208339423	rs830145
20	31616237	31616238	0.254559733922292	rs4911284
21	34527702	34527703	0.080348441667111	rs71323361
19	33559874	33559875	1.52725318320605	rs60203782
20	52658561	52658562	0.727553600038415	rs290390
21	22663189	22663190	0.275794085302927	rs1004622
19	32057019	32057020	0.11001641847016	rs77234392
20	8879379	8879380	0.106593927310445	rs7273166
19	9121608	9121609	1.54047113137916	rs181440523
20	17318737	17318738	0.360174009551856	rs9789830
20	30335263	30335264	0.796704828287215	rs75769386
20	61289958	61289959	1.51483362114739	rs2427369
19	51150249	51150250	0.780672723930867	rs112692857
19	46222301	46222302	0.578090839069421	rs62111733
19	58107757	58107758	0.0963241608841304	rs4801233
19	51837360	51837361	0.0453051285213632	rs11668576
21	46411124	46411125	0.568312611152126	rs13048380
20	31398520	31398521	0.287088687147824	rs73904045
19	22883839	22883840	0.460254800069926	rs7254563
20	24528051	24528052	0.20269477691911	rs117555814
20	8928589	8928590	1.481494584381	rs8114886
19	55393324	55393325	0.187290987134826	rs144192976
19	45861345	45861346	0.149248954844285	rs238411
21	39175736	39175737	1.16935037082162	rs3787831
19	31258343	31258344	0.116446811469938	rs62102511
20	7657435	7657436	0.638855119851624	rs13037068
20	48282256	48282257	0.0239281264845099	rs73119763
19	3003140	3003141	0.121926074764232	rs77352760
19	6871390	6871391	1.30616155847146	rs111383090
20	59202003	59202004	0.786365635374093	rs846218
19	17858342	17858343	0.160120413487549	rs77198990
21	43391958	43391959	0.385330899455939	rs10433281
20	13893397	13893398	0.715084728771311	rs73900766
20	39530555	39530556	0.387540254330509	rs138135519
19	33293948	33293949	0.604908725181616	rs35110475
21	36221072	36221073	1.66212809217316	rs2268287
20	16228102	16228103	2.37472454786608	rs2788912
20	52919486	52919487	0.960354019987917	rs28662869
19	41851358	41851359	0.128415389601387	rs146652543
20	40695977	40695978	0.224863147729243	rs2223915
19	4783511	4783512	0.39887915514394	rs139093763
21	47549510	47549511	0.763241505279405	rs7717
19	13486102	13486103	1.12505219602105	rs11085846
19	13401618	13401619	0.397018772375089	rs12608445
21	23672001	23672002	2.30546202128151	rs13048514
20	9704943	9704944	0.344118164575288	rs2423438
19	35126605	35126606	0.495936631418794	rs733998
21	22359822	22359823	2.01242613504762	rs77163922
20	53468750	53468751	1.67268576879172	rs1512058
19	13017876	13017877	1.11354729246664	rs10451496
20	20439097	20439098	0.918492030054116	rs149689077
19	56518313	56518314	0.535227594207035	rs139673914
21	33546889	33546890	0.00758010631818792	rs150130219
19	20264105	20264106	1.79072726292042	rs1725906
21	44370519	44370520	0.318644330187353	rs422082
19	13529082	13529083	0.960006096427904	rs4926284
19	20743894	20743895	0.996590097165577	rs117773347
20	1273616	1273617	0.0353211906982167	rs79087076
20	4195737	4195738	0.265551906986465	rs73610163
20	6154996	6154997	0.186081576235548	rs6076958
20	56168393	56168394	0.595063533368771	rs148131937
19	12507992	12507993	0.317417162081317	rs8101782
21	20547476	20547477	0.267035867095565	rs2407024
19	31376020	31376021	0.915191368283806	rs117708300
20	56336095	56336096	0.64394315048372	rs73616240
20	59057443	59057444	0.825510507835557	rs6128833
19	57485528	57485529	1.2177391668398	rs2048428
20	7228375	7228376	0.089789386964289	rs6038754
20	61426293	61426294	0.8395570179758	rs73613588
20	4243257	4243258	0.621437738199809	rs13042762
21	40700607	40700608	0.272362764125189	rs4818020
19	51220996	51220997	0.0758793075779178	rs3810282
20	31581159	31581160	0.26038504617285	rs4911112
19	14410709	14410710	0.303469975879727	rs7245808
21	24825090	24825091	0.122364626030566	rs7275472
21	46032094	46032095	1.78235106599374	rs411254
19	15021371	15021372	0.326405359740403	rs56344219
19	31935524	31935525	0.0666572781281805	rs10401275
20	20226713	20226714	0.0902328487255229	rs144555738
19	18039808	18039809	0.0346228826153498	rs7257938
19	12408976	12408977	0.800383975401718	rs12610556
19	6594882	6594883	0.177907195667557	rs191250148
20	56691373	56691374	0.295004523564747	rs140184195
19	47875435	47875436	0.26482792459289	rs2694559
20	17019925	17019926	2.89029952506858	rs79585710
20	42989690	42989691	0.569578303173282	rs75684081
19	49465726	49465727	0.677056988269007	rs79366920
20	2087464	2087465	1.12144049395473	rs6081971
19	2396799	2396800	0.293405983426556	rs144872631
20	49893180	49893181	0.579974634573989	rs117349172
19	32519463	32519464	0.885304442219728	rs73925632
19	2865761	2865762	0.633652030112485	rs8100312
21	35226135	35226136	0.25836036158532	rs2249221
19	10374167	10374168	1.08213707145514	rs138603013
19	45154340	45154341	0.99900128927194	rs10410915
19	47479227	47479228	0.777157406581134	rs60438150
20	50118941	50118942	2.52959411428661	rs6021255
20	4961077	4961078	1.21518487643457	rs2748897
20	24330115	24330116	0.478770716595709	rs6083497
20	10375432	10375433	3.4027191125439	rs183360604
20	15537247	15537248	1.14684441449878	rs6110672
20	34494711	34494712	0.811887247437365	rs117653472
21	25981255	25981256	0.432200252842245	rs8127444
19	2033161	2033162	0.249542943502799	rs55986794
21	30478077	30478078	0.0570302341658892	rs62222394
19	48813014	48813015	0.579588429742893	rs452410
19	5212586	5212587	0.40970235532267	rs4807696
20	43014352	43014353	0.438998158184125	rs6031577
20	49724032	49724033	1.22351074111738	rs140583257
19	54652621	54652622	1.67296698281649	rs2289147
20	6928870	6928871	0.332010114129825	rs6085763
20	9591628	9591629	0.320980848965098	rs6133731
21	24904564	24904565	0.0176649936060541	rs74786170
19	54296046	54296047	0.413430755485547	rs8100499
20	58879210	58879211	1.3822642517606	rs11696305
20	54611746	54611747	0.679176271281613	rs2064776
19	42821902	42821903	2.52682166702007	rs184703421
20	60970591	60970592	0.169037900416737	rs2427312
21	28074446	28074447	0.762900977575751	rs77941900
20	48142133	48142134	0.65398549689852	rs6090998
19	44822455	44822456	0.565711866255208	rs143438814
19	57079067	57079068	2.52167827786969	rs7252824
21	30178757	30178758	0.582047493231155	rs62223717
20	8945099	8945100	0.253470296531383	rs67308886
20	25476551	25476552	0.200014486561667	rs6050651
20	24976779	24976780	0.157572467456702	rs6114986
19	28919792	28919793	0.571204940448122	rs62105541
20	8125748	8125749	0.0128869662192626	rs118072523
21	21656900	21656901	0.775333151466383	rs73211449
20	17555544	17555545	2.37130702157127	rs141033581
21	43849002	43849003	0.724284214336925	rs73227507
20	1896299	1896300	1.65388977513659	rs181608600
21	29495146	29495147	1.31928549244537	rs10470086
19	1472573	1472574	0.688176676003041	rs111885805
20	9621675	9621676	0.0281957908765211	rs143007253
21	23489035	23489036	1.51776106336941	rs67571104
19	17774710	17774711	0.614633812089726	rs8110983
