Chrom	Start	End	XP	Name
20	15849464	15849465	1.51707486881668	rs183441159
21	32430761	32430762	0.542505982288761	rs148400564
20	59957644	59957645	0.355076956370607	rs6121418
20	61887895	61887896	0.54328658844101	rs910892
20	50429216	50429217	0.277472075597734	rs73273526
20	45208887	45208888	-0.0634750184367603	rs144014837
19	22236622	22236623	-0.310936170773542	rs139015281
21	36549373	36549374	0.176391110276102	rs12482062
21	22471175	22471176	2.11388626784991	rs147765243
19	9660473	9660474	1.9159391958143	rs6512228
20	4485927	4485928	2.33247925727792	rs297764
21	26006863	26006864	0.568291229527102	rs9980627
19	56624247	56624248	1.55058096388928	rs493717
20	60747530	60747531	3.48874763269813	rs181692884
20	37852991	37852992	-0.365490669730719	rs190784100
20	24995761	24995762	-0.264240668822335	rs77642298
20	50267772	50267773	-1.25594003851177	rs149907246
19	43029560	43029561	2.0002619357689	rs150909282
20	49109558	49109559	-0.870590074504736	rs183698466
21	21473780	21473781	1.98507188852106	rs181248890
20	31877565	31877566	-0.0586007730927511	rs1078944
21	34888271	34888272	-0.260517254801828	rs143778905
19	24264524	24264525	-0.263645570934729	rs56195414
19	18823186	18823187	-0.508362789431772	rs149920231
21	35662809	35662810	0.349479511409962	rs2211795
20	798666	798667	-0.116934620536649	rs540015
21	40205137	40205138	-0.580187355293706	rs76681607
19	20230229	20230230	2.09242102796529	rs16996689
19	30580574	30580575	0.195668113833763	rs76439480
21	34572466	34572467	0.249942847917631	rs4817548
21	35826877	35826878	-0.769701566543887	rs2070361
20	20292186	20292187	-0.155242211152742	rs6035602
20	24065142	24065143	0.416097465626144	rs140200596
20	53058614	53058615	2.19108690431987	rs185193739
19	9966860	9966861	-0.715922281071182	rs7254993
21	45239756	45239757	0.87916441514184	rs2838402
20	1407378	1407379	-0.17996832438059	rs114630914
21	30107334	30107335	0.427726187772279	rs192781783
19	57303796	57303797	-0.189753863964335	rs184976211
21	29416116	29416117	-0.798727026130963	rs147185822
21	35103695	35103696	-0.463533625602784	rs184413193
20	60438327	60438328	0.441992062740013	rs6089527
20	9868081	9868082	0.0693174860707184	rs190375566
19	34044928	34044929	-0.582661904354431	rs891038
21	15660539	15660540	-0.985463897502635	rs1153304
21	24899787	24899788	-0.872330748763485	rs2828221
21	17597342	17597343	0.685752415369326	rs111553770
20	56761568	56761569	-0.207481760569435	rs73187145
19	54032241	54032242	0.182944133707715	rs187168172
19	19878123	19878124	-1.18093987489236	rs150596861
19	7600003	7600004	-0.576518864232517	rs112541066
20	19186925	19186926	-1.09317195011446	rs6075484
20	10610799	10610800	-0.740854103894688	rs114717574
21	43699148	43699149	-0.737250867229694	rs79489808
21	25845321	25845322	1.38708862632822	rs9636560
19	12354636	12354637	2.59200226719957	rs143022202
19	48341318	48341319	-0.952614100873413	rs114126031
20	56060900	56060901	-1.30676186122451	rs61591838
19	14828832	14828833	-0.738107070007152	rs7245462
19	3605918	3605919	-0.469398359876584	rs116020452
20	38145531	38145532	-0.332820490367951	rs75009949
19	17485301	17485302	-0.990451333470138	rs75631504
21	41873252	41873253	-1.10900041317115	rs115736911
20	50989124	50989125	-0.654106198551623	rs151064965
20	23817208	23817209	-0.348996964464506	rs141261928
19	56599098	56599099	0.621220992371541	rs28692674
19	35429698	35429699	0.774307029513175	rs7253720
19	22082967	22082968	0.317565927441687	rs73552281
20	60743507	60743508	2.76179215173315	rs7267581
21	46786553	46786554	-0.57504446723803	rs8132936
21	22976769	22976770	-0.424761956225068	rs138748610
20	56481754	56481755	-0.47777072587906	rs4811943
19	9541916	9541917	0.632618158919385	rs150790990
19	58241254	58241255	-0.44604191570794	rs143726609
19	16951173	16951174	-1.10980985707415	rs3848658
20	41735461	41735462	0.683629857222722	rs186403283
19	31632041	31632042	-0.83712612255103	rs180732042
20	14469432	14469433	-0.566109141182309	rs499986
20	49200358	49200359	-0.0386615205239798	rs6096014
20	42089511	42089512	-1.1135354379988	rs2235611
21	44282169	44282170	-1.37791194991114	rs111975791
19	11762102	11762103	0.565568842311898	rs10407232
19	54043183	54043184	-0.769728574511034	rs10420606
20	41148025	41148026	0.119840602061663	rs114049878
19	1327670	1327671	0.0770323986398446	rs10424550
21	46870206	46870207	1.02913441751562	rs78198389
19	30583087	30583088	1.57778874668838	rs415966
20	36163224	36163225	-0.503148157358276	rs192901982
20	57355786	57355787	0.730028588624578	rs6064700
20	31619296	31619297	-0.300775511120567	rs191353952
20	33920930	33920931	0.790800734779388	rs192674945
19	46184678	46184679	-0.474588089865159	rs146438093
21	42464767	42464768	-0.349747204602967	rs183953395
21	38987734	38987735	-1.21490375538277	rs116284690
21	47259356	47259357	-0.289758095753918	rs151077381
19	7908051	7908052	-1.03184909804362	rs62638003
19	13840605	13840606	-0.650232273392227	rs73922719
21	33474856	33474857	-0.98316618508791	rs2833656
20	19703353	19703354	-0.202072621793375	rs74861337
20	16922710	16922711	0.389644562068051	rs1555076
19	51744238	51744239	1.26487145782692	rs78611858
19	1873842	1873843	0.173922727598328	rs116689372
21	16392090	16392091	-0.0281512119175864	rs151138943
21	27496667	27496668	0.0824086187406372	rs2830068
20	61770404	61770405	-0.443469333010936	rs149771258
20	19872330	19872331	-0.0191668210106075	rs143119635
20	33912544	33912545	1.23659157260773	rs76565114
20	7997184	7997185	-1.39328724163761	rs185740595
19	44090119	44090120	-0.443645315265636	rs184939637
20	42999839	42999840	-0.81469936694355	rs6031559
20	649935	649936	0.806351760235577	rs6107731
21	45135211	45135212	-0.474903005478834	rs112302861
20	21437581	21437582	0.237419903761474	rs184030291
21	46096476	46096477	-1.17910178655313	rs78577698
20	40614765	40614766	-0.487950776979191	rs11698895
20	42116518	42116519	-0.63898641580893	rs6030909
21	24671326	24671327	0.588655013028003	rs140982771
20	19722119	19722120	-0.340380235134703	rs808696
21	22189848	22189849	-0.267991864640125	rs2826541
19	56973848	56973849	0.232951483591105	rs35027158
20	55841541	55841542	1.42224546276774	rs111477259
19	31338577	31338578	-0.389449727485809	rs116726746
19	33317828	33317829	0.456505620916048	rs3746027
19	31664668	31664669	-0.68966834582923	rs76944304
19	2468837	2468838	-0.0115579377441088	rs75766774
19	13381657	13381658	-1.26392829306046	rs34767390
19	45966736	45966737	1.12564170768697	rs73049903
20	52778481	52778482	-0.759632105138034	rs143398689
20	6245937	6245938	0.270972309953728	rs183638237
20	51327187	51327188	0.0380181158498286	rs138202173
20	4727790	4727791	-0.57577957467248	rs1885355
20	54278428	54278429	-0.238311072925796	rs145821985
20	46947192	46947193	-0.619919330020054	rs139740761
19	1119354	1119355	1.14562848431369	rs73507269
20	18675314	18675315	-0.645862819252491	rs141847508
19	2219728	2219729	-0.37909456113027	rs116723684
19	43292925	43292926	0.406182901336472	rs142095392
19	50442162	50442163	0.0838105509677037	rs73932013
21	36928205	36928206	-0.150842593484489	rs62218699
19	58025709	58025710	0.456947299282135	rs12460908
19	30698670	30698671	3.27066857022839	rs77432862
19	12629887	12629888	1.4198745070169	rs11666361
21	22744155	22744156	0.138985618928299	rs73894637
21	39596366	39596367	0.574895463664282	rs2009070
21	31900814	31900815	-0.780076380466677	rs79279970
20	37003294	37003295	-0.269950188266979	rs114051240
20	60182864	60182865	0.316808939667503	rs877697
19	37069156	37069157	-0.833912649835999	rs8112546
20	352036	352037	1.27618653729032	rs16988308
20	18856472	18856473	-2.2809223282282	rs114384175
19	50777986	50777987	-0.132226191125111	rs146574105
20	30964673	30964674	-1.75370530775224	rs2377474
